C:\Users\T-bao\AppData\Local\Programs\Python\Python36\python.exe C:/Users/T-bao/Desktop/软件代码/超星访问量/yanzm_test.py
51
51

2
164
0
018




20
4
076
01
50308

10
11
50

2
4821



1
61

81
0
280


0
24
2270

21575
23
7490
16
50
753
0406
28
3845
623
4527
453
112
42
13


284
64

2474
270
6683


6221
1087
3
24
532

17848
681
802

00
5031
5427

34
428
162


8566


76
367

580
102
5234
3565
3600

1032
2365
2519
475
787


8
2733
4
333

613
005
64
145
8561

46
00

19

1

1175
8
45
13
0148
88

1509
9345
657
1766
3320
65
4455
71027

6621
3628


872
51




58

2542


025
243


736

76
57

8121
6137

306
3820
172

220
07

05
117
143
409
3813
0


847
2462
1
367
114

0


624
8475
337

6215
246
2232
28



6132
666
705

7
841
1
5064
3458
01


6637
5
3315
247
1343
590
528

513

620
4

132
7125


632
320
8437
033

380
3543
2522

745
283
16

06
8317
252
81


14
042
64

358
2
286
45

5612
6
260
05
851
56
58


85



507
3281

3
211
1
4192
00

6780

1001

15
6138
247
1474
180

8717

623
111

001

6303
1903
6518
65

1
0
620



45
15
402
2844
20
024
2



8360

22
175
7836
14217
045

1322
6837

137
1343
6188
6250
6192
3130
43
821
1554
165
5158
5346
244
445

2775
214
502
2052
077

540
1404
101

0313
667
108
8043
3460
1
12
5
6491
058
85

0

6044
6316
5227
4178

412
3998
1994
1633

6022
428
8
63

728

29
880
138

30
045
657
17
1228
7
60
275
00853
064
1

5566

61
5160
60
35

234
74

11
04
3738
342

582
7612
1819


005


5311
6139
5086
2673
3972
5614
22
169
429
1482
851

2353
8021
8063
6832
1
61
0456
1514
0727

468

3243

103

3447


3024
535
180
5154
02
8318

65956


87

7281
1846
0219
33





852
3527
173
1066
226
2685


400
2483
505
00
771
006
232
698

50
76
6
2815
6

0645
3
0728
527
2138
543
28




67

665
4
3254
0
8

5205
1
0
068
03
225

15




431
142
681
8585
6018
1344

40
6882



06
177
4172
045
242

37

11
858
45728
1145
00
8170
134
818

6821

32
28


1264

2246
3

561
701


8227
020
1


102
608
66
15
7844

1265
207
0433
8303

407
3238

5314
13583
02
2

151
767
036
80

206
5605
38
4083
7650
7191
41

3310
0865
6533
3

5140
074
46
6416
8
500
0071


262
230
3215

31


25
1
0736
64
217
633
888
3287
7118

23

08
0710
833
276
6
181

661


687

10
6
138
846

35
0



2646

096
156
382

8461
3
76
0782
53
2
14277
3305
311
652
645
5013
31
001

2371

9505
246
01
616
4591
9848
1421
8
337
0148


278
1315
707
5030
1462
724
62
205
1024
2
05
20
6171
0958
330
0657

20
818


6
1

1161
8

602
556


6
1672
0030

4869
2
2083

3871
063
5


860
854
845

3

00926


41
681
7645
27
73

335

150
84
10
13
8845
35414
0
213

345

24
13
3124

56588
22

2723
547
208
1056
2254
640

814
6207
228
048
00

088
0709
623

6327
6200
1726
6253
343
820
22
2318


6054
5286
27

134
681
183
5577
10
18
71

0
176
795

1456
8078
9410

062
010
6378

3595

5724
8141
7519

5053
6081
2489
9050
3730
22574
192

0013
0515
535
6251
24
073
251
007
5

440
666
340

4
2086
5257
62
2059
112

23

1986
6136

536
741
700
12
233
02
8743
5
1
803
6360
515
0
313
7387
038
083
88


54713
022
63
6733
5349
17
3461
3326
28

66
0

27


261
0867
805
350



4102

165
37
5
26
56

210

038
766
1
714
6340

276
255

283
5425
2550
5

450
2248
81415
601


3845

264


1
273
5018
062
5204
4

364

67671
12

5236
063
0
0747
232

311

3850
2874
518

7364
0458
6524
74
3478
880
6516
63
630
3102
6617
0054
582
6902
56
87

11

15330
51
120

8
7157
702


2470
183
5

1534

3313
8326
8114
057
65
7
203

450
24058


03
2935

6126
04
218
02
58

5534
6140
0555
274
8070

131
6260
354
1500
433
302
5454
052
025
81
285
1040
5714
440
70
530
02


604
34
565
6060
3
630
660
10896

119
8
8
8634
240

358

0865

2514
3806
45
3291


2614


02
21

476


8244

1
1887
3010
92
24
10
0128

06
550

07

12

2116
1


4438
66
002
25
7378
265


34
07

3452
80
06
02
2312
2
6572
008
6258
28

7674
610
1363
118
5181
17
152

8574

77311
260

4280

1715
300
607
829

4181
2180
6663


1207
3447
82
4253
487
190
653
0249
019

158
08

66
007

824



1
7450
85

22

2888
1608

14

54047

5932

3588


68149

787
2661
501
262




361



012

141
52
1402

508
06
65
32
0606
1010
11
8417
130
520
734
6445

86
1430
2727
3848
884
322
460
207
0718

21

20
071
126
11
684

82
08

72


0
6146
2505
054
90565

756
236
86
3654
62

161
078
8481
643
6241
2321
3430
226



00
10


59
1

3741
0114

060
03

5424
236
455
1160
05
878
6312
47
763

5827
4037

10


1120

8610


757
134
8443


018


8180
508
3763
2531
1059
0380
5873
106

647
3
25

228
0774
6432

5137
8194
680
288
62
456

5506
053
7
2950
276
3536

7454
207
62179
124

5184
741

1808
43
6016
6617
81
2200
2200
2496
6355
8056


50

2
67

1
3807
634
10
16
450
560
283
58
3314
0
407
088
1
489
8635

2200
841
8365
00
4
12937
425

6653
154
842
23
63
4
66
200
053

6162
3124
22
122
165

185
7232
6485
8250
633
3602
301

31
354
0785
4660
6243
7242
24

5722
177
80
1623
6020
510
0501
366
8121
080
30
51

633


66

261

586



246

9356
0
11

6375

0827
50
9436
348
4878
083
803

62144
3145
3465
373

2116
14

1005
04
26
19717
46
3040

6157
50
18

6135
461

340


52
2095

3

3463
294
1467
4523
665

107
40
501

0170
65
667
33
7022
664
66
6336
1810
471

8081

817
11
0
713
6
4072


730


2352
2
6530


10


6154
046
5047


534
7132
1
12

367
26441
816
026
406

2
3013
1628
1016

2144
323

0763
0145
2
3023


0113

4
242
6628
5566

643
214

06
2206
776
2866
07

624
0681
45
4719
845

7374
3787
3813
6044
4760
8
194
572

0


5427
0637
5347
658

59
419
021
2228
3
34

601
1634
50
821

060
14

8
60
14
53
7423
220

5924

6718



0503
2855

379
062
854
1322

6571


426

7369


4388
333
149
048
034
67658
15
5678

45
305

514

158
7

08
6243

2462
1031

5564

700
8582
8
18

3237
344

307
5422

1563

788
7202

232
230
0807
56
3616
6122

412

3761

367


7730


242
350
0
6421
048
2321
9
7312
1320
85
3651
25
5802
71
13
631


08
7458
2076
633
836
240
359
8
2152

48
217
55

13
6159
376

2480
0341
067

086
651
804
33
273

050

599
871
321
265
2262
47
595
22
324
20
470
2194

808
8567
2415
34
6284
2
5429

1514
8140
623
14

0175
359
78
82883
182
2664
440
5
512

2849
420
18
103
10
5234
7389
6
06


01
68
0791




6388
8

804
5935
75
3471
5577

6084
288
11
5587
179
1354
2166
200
033
0327
719
1483

0724
188
541

030

634

8383
711
136
016
17

0



035
00
44
088

85
886
51
6749
6683
4037
20
78
87
6655
1862

6036
53
214

8060
0252
73

824
62

0122

1607
516
641
41
59
127
4895
3
260
1222
6333
1
0234
51
3566
8180
4551
8586
5016
600
83
84156
014
065
671
04
427
025
1167
4826
214

546

2220
8494

633
4717


1870
7466
768
18
870
11086
864
385


81
158
8548
5036
35
18

14
8107
465
750
8517

474
50
2102
608
280

02
06




6236
2070
03

832
4
186
316
508
71741
52
6087
063
7053

48
133
107


1
8826
007
614
240
412

3812
120
110
2248
130
14
363
8974
80
2
457
180

0148
63
647



6286
5
037
1310

11
501
49
222
3600
1
286
08
4341
817
4105
664
3962
233
5024

88
7270
8604

883
5971
3

42
003
7766
0
59
284
1578
21

0636
6
05
122
15
2582

75
403
0
04
57
28
1723
7095
0
03
01

407
325
301


271
805
516
8061

51
3520
72
04

7272

053
2910
4248

46
8735
42


0
7847
4


5118
140



3
1280

0

5656
18
31
25
726


6474
274
87
2167
2199
6552
120
14013


846
5509
28
155

28
401
164
480
0
3188
3856
0
0230
4150
1789
8
6923
4026


03
0865
3271
7


2329
176
100
1500
57
325

68

25


747
101

270

261


8372
1817
886
0262
34

27
030
3627
87
1630


0855
11
1506
1820
372
946
625
8436
2681
3026
242
273
00
0042

562

7547
1884

2614
186

425
350
165

1103
915
14
11903
27

1159

2
676
5304
247
7

0
488
08


136
10
642

71759
5553
356
55
270

6206
624
32
587
234
67
45


1532
03
27
5358
32597
502
024

12830

565
589
0753
4164
12

431

758
14
70
0401
8070
2748
280
17451
1887
0805
02
478
571
1870
482
85
5
0843
126
2208
07
8183
82

735

0
1516

430416
6558
033

0
8116
02
5720

143

26656
11
7561
756
14
53
8325
556


1856
330
420
4
2127
4530
0715
4264
4022
168
809

0
8855
0
0652
8303


026

524
075
466
0516
5307
564
3763
4833
01
830



677
22
6744
108
550

828
247
9587
2027

3

510
2856
626

6
2
3047

66
4796
4



6348
696
008
2344

0616
786
123
315
1028
1835
56
136
7


4
053
03
1186
6230
856


60
0497
031
71
624
816

080
032
91
31
651
551
2
102

0149
541



3
1565
546
3349

4865
150
336
0430
248
438

3366
4022

0276
22

030
41
460
665
2866


8471

058
2621
982
6312

67
8577
3600
270

2014
23
174
5

76

64182
03
253
834
7504
1
02
65
564
512
1025

43
453
16
15
31
8067

0645

23
5027
68369

2964


3006
37



6565
237
6135
25
360


429
6551
79
340
658
061

3547
960486

13413
2721
6
28
84
7592
673
065
343

811

2310
7607

54
18
64
16
0
282
08
028
5034
8235
462
3
4
3762
2
2565
1
06
17
46


22

54
013
0
531
01

12
10
03
01
23
31
5286
0
0292

2375
1189
61


00
8450
148
285
056
2
3433

45
8341
3285
584
1969
6662
461

635


12
5703
22
30

1426
8755
616
16
15

591
1078
220
6045
06
1539
02
4502

3
10
7370
5416
6041
30
242
076
622
1
900
326

5403
704
3276
021
31


6932

0816
817
3256
256
23

2000
88

24616
871
30
1331
26
0173
4
119
16
318
5620
55

63
03


4684
31
1216
71861
2193
190
164
2

127
5092
8093
114

0097
0
506

80
4
507
7


0647
3967

1540
68

66

050
2217
24
2235
17
2050
1558
10
2088




322
5669
6816
623
0503
9874
856


082
508
22
6604
31
24


813



13
365
7100

5230
1105
437

608
6105

6102

07

7115
1464
5590


144
40
2707
654
6742
8538

2762
020


8743
5110
483
8
2858


476
640
388
7

8018
2309

3

1293

8011
534

7616
180

40
5572
2186
20
802
5462

1767
036
120

65
104
202
15
7697

6061
027
10
3350
1436


1844


206
225
760
7678

331
63469
20
17

5904
1364
106
2
08
226
104
665
0
3562
1630
0485
080

514
5438

126

625
0806
4547
4528
2246
8689
3025
208

0211

019


253

3132

085
8831


599
56
348
0111



1420
68
6425
31


821


32
3840
1316
4414
016
301

5200
484

173
02


1052

54
0277
0820
8
178
1628

102
3258
58

00
277

038
07

5
353
1058
48
2821
042
6434

240
302


4565
34
6787
1228
658

528
580
80
576
1153
20
54
6074
32
5804
4476
126

3355
365
49008
601
1808
57
87
357
1072

71

266
183

548
1741
3262
4224
050

6280
1524
03
24
650

7077
0
0546
20


610
85

11
033
238
17
212
543
1464
018

054


2562

8
36


55
48

642
307
04


8724
3615

0562
0
05
74



344
53

1724
816

16



6262
61
1
097
6589

0654
2584
818
25

2456
606

3813

5130
281
4035


501
3400
7153
516
141
9758

2342
87
1
3933
02
156
5
3773
730

02

324
3528

174
04
7871

850
1271
1
042
022
541
760
1056
25999
7007

3315
81
1225

2573



3852

416
024
150

6224
84
0
2752
381
260

3370
38
45
1094
4817
647
26
6568

828
0140


3161
1534
3

41
575
124

386
583
346
60
60
531
651
5603
3957
147
173
485
60
059

4088

135
813


402
80
21

6526
312
044
16
82
58
124
33
2840
566
135
1
712
5576
8

467
46
0
0

482
5564
111
283
530
157
1781

6381
1002
0227
0438
3
6518
780
3413


61707
922
7
10

586
068
203
646
426

6117
4306
711
6017
539
36

553
8090
54
0462
08


425



4661

120
108
5
5335
786
5421
155
2087
680
455
6560
260
562
277
4
6045
5659

1031
26
4428


0343

6
73

807
